,0
0,-282.47655075788794
1,-346.4030961858918
2,-56.84887619182041
3,-51.0910829587677
4,-149.23835185937676
5,-188.78770193881553
6,-148.22256324404614
7,-460.2736431975965
8,-51.968503777597704
9,-429.32258997063883
10,-541.4659138550568
11,-142.99865946310456
12,-343.28287318661086
13,-402.2338800822423
14,-433.445987459069
15,-249.3487677112879
16,-34.500431054820154
17,-647.9238966302146
18,-401.07067602893545
19,-250.48559620792298
20,-101.02731481392038
21,-147.8774520389842
22,-61.185225494677496
23,-154.43679736426472
24,-120.60750646864882
25,-196.33212374479461
26,-41.20293047655838
27,-289.34536504433953
28,-483.6040279859914
29,-469.98221921177884
30,-354.89794694200094
31,-489.17273053793866
32,-30.628728493716782
33,-138.94117745151507
34,-100.02189475208604
35,-131.18206095998272
36,-218.08556811109406
37,-23.931353135992993
38,-75.12668337006376
39,-359.32780808377186
40,-203.2658266600117
41,-110.04226863191658
42,-138.38646591852296
43,-389.74258395728043
44,-183.3728984911972
45,-221.20682531290237
46,-494.0728631500536
47,-359.06307392542647
48,-72.7252561777023
49,-151.42731432063226
